2.084824		
-1.384941		
2.300008		
5.132119		
2.800185		
-5.816498		
6.826822		
3.245778		
9.086114		
4.997292		
0.514404		
4.65892		
3.752719		
8.029512		
-2.499992		
-2.535206		
5.920387		
-0.954022		
3.617524		
-0.386954		
-2.300123		
3.213815		
8.800923		
-8.707301		
-9.898377		
6.301622		
0.399626		
-9.200603		
0.905202		
-9.000074		
5.19977		
1.004088		
8.067377		
-0.948096		
-9.210597		
-4.593708		
-0.30316		
3.666951		
-4.737927		
-6.248201		
-5.742422		
6.137845		
5.226537		
-8.976824		
0.40314		
-2.547809		
7.916962		
-0.082236		
7.797348		
-0.525219		
-2.853548		
1.556525		
4.831276		
-6.71498		
-3.523262		
9.504576		
-3.241618		
9.850928		
5.562272		
-2.437749		
0.650013		
-5.381838		
9.135618		
1.853964		
8.504551		
-5.465155		
2.664686		
6.538699		
6.197246		
1.651847		
1.812455		
4.490785		
7.383473		
-4.868182		
-7.373167		
-5.798379		
8.081256		
2.016689		
-3.094892		
3.599991		
-8.13633		
-0.09837		
1.315831		
9.660042		
-8.270486		
-0.210936		
3.344848		
-7.945156		
-8.103156		
9.66188		
-3.731562		
-7.698378		
-10.022011		
4.048231		
8.750318		
-0.470771		
0.663884		
4.752537		
-0.911803		
1.979089		
-6.754954		
7.523262		
4.638429		
-8.902412		
-8.599964		
-3.722617		
-5.459548		
7.16467		
6.356919		
-6.704391		
-5.823868		
2.784474		
2.100923		
2.900395		
9.178087		
4.447715		
-1.065687		
7.997521		
-8.501148		
5.746157		
5.244879		
8.301622		
-3.825369		
3.154324		
4.279934		
3.970108		
-7.091569		
-6.14921		
6.008601		
3.206876		
-9.953898		
-4.824199		
-1.201991		
5.779045		
0.751115		
-0.865527		
-1.783856		
8.922243		
7.595204		
-0.721635		
5.02942		
-6.699992		
1.169232		
3.668414		
-8.898378		
9.818204		
9.142667		
0.3		
-6.479754		
0.808645		
-1.178933		
9.235335		
8.851999		
1.063761		
-8.245541		
-3.443948		
-5.611613		
-2.877555		
7.19417		
-7.288365		
-5.309653		
3.337926		
-8.089977		
6.483075		
2.302596		
-5.426581		
4.16052		
-3.928963		
6.739559		
6.392458		
3.212071		
-4.364033		
2.264335		
8.680441		
-4.292261		
-7.646917		
-9.329308		
9.361448		
-0.041564		
2.424816		
7.024352		
6.796768		
3.691634		
0.518985		
-0.098378		
-8.130749		
7.582708		
1.934568		
0.200007		
-3.252446		
-1.49837		
-7.738526		
-1.838577		
-7.99207		
-5.180043		
-9.33414		
1.001629		
0.914754		
-0.298117		
8.824789		
0.819462		
-3.784112		
-1.407915		
4.652456		
-5.06388		
-7.868691		
4.364337		
9.319904		
7.489495		
6.034614		
6.183003		
-1.903015		
-2.249716		
3.83107		
-2.989789		
2.494678		
-3.399992		
2.857799		
3.204543		
8.581956		
8.901889		
4.472994		
8.727615		
5.092799		
9.839007		
0.284392		
-5.908704		
6.504946		
0.893868		
3.090256		
-7.29837		
-2.3531		
9.528939		
0.525017		
-8.888159		
-4.492106		
-1.99837		
-9.445598		
-2.402872		
2.709195		
2.726428		
3.693967		
-7.635681		
2.871649		
-6.968907		
0.155964		
7.803856		
3.887747		
7.251215		
-5.624904		
-8.279945		
-1.385284		
4.29504		
-4.554727		
2.241086		
-4.6228		
6.001622		
2.101622		
1.00609		
3.65617		
-6.32956		
3.875312		
7.491942		
6.790452		
4.404399		
-3.358708		
0.881128		
7.248464		
-9.899992		
6.089407		
3.586455		
5.900008		
-8.9		
7.729275		
-7.752857		
3.300084		
-2.562285		
9.788322		
-2.294503		
4.895114		
3.02717		
-1.640157		
-2.600981		
6.814736		
5.364023		
-2.725188		
-0.00556		
6.120098		
9.528034		
8.436404		
7.244117		
-5.667806		
5.295811		
3.714998		
-8.78537		
-0.537484		
7.383145		
0.796094		
9.518412		
7.096528		
-5.500709		
5.566689		
2.876875		
-0.009089		
-1.951847		
0.890323		
-0.992327		
-1.627146		
-8.958846		
-7.349605		
-3.742809		
-6.89837		
9.415906		
-0.216061		
-8.64672		
2.355036		
8.826988		
-2.790989		
-6.015914		
-1.819819		
3.133569		
1.307031		
4.256264		
-5.463086		
-1.698378		
5.048141		
-4.29837		
-7.161083		
-2.593151		
-9.690377		
-3.602653		
3.040484		
-1.549052		
-9.075134		
7.19839		
5.038916		
0.02468		
8.023735		
-0.973722		
2.90163		
3.926028		
-9.652808		
-9.342378		
6.509783		
-9.121487		
-8.646128		
-7.421908		
-3.628855		
-5.998378		
7.464544		
-3.059628		
-9.28826		
4.41108		
-6.617046		
-5.986183		
-1.269882		
-7.769276		
-2.955533		
9.014488		
-0.304107		
2.514252		
5.067817		
-6.194663		
-9.199996		
-0.693342		
-1.626357		
-2.528605		
-7.135585		
2.868065		
6.988809		
2.078277		
-2.499992		
6.401414		
-7.787727		
3.762462		
-9.125279		
-1.387131		
-5.014308		
-7.650141		
-8.466452		
-3.718074		
6.033741		
-7.753991		
-7.87302		
-8.841695		
7.237719		
9.256076		
-5.613092		
2.005597		
-4.787709		
0.099991		
-4.739178		
8.643633		
-5.800847		
6.53245		
9.340621		
4.481833		
-0.981328		
2.134039		
1.407951		
-0.312413		
-8.267982		
4.836251		
-5.367574		
8.132999		
-2.396186		
8.292883		
6.622199		
2.098928		
4.844106		
-4.600216		
5.99997		
9.950406		
-7.78094		
-8.401591		
9.321719		
8.114104		
-7.619173		
2.666536		
-2.898645		
-3.199548		
-9.433505		
8.306268		
2.021089		
5.869856		
2.103976		
6.20573		
1.827759		
-1.04182		
-5.668845		
-9.864063		
-9.351151		
9.687167		
4.079338		
9.486749		
0.101622		
-2.420529		
7.978515		
-7.890576		
-6.938083		
-4.752714		
-4.477963		
4.952213		
-9.550121		
9.156196		
4.742937		
-6.086766		
2.965432		
0.945335		
-5.342758		
-4.668672		
-7.04562		
2.460829		
-3.098371		
9.558133		
9.210435		
6.659791		
-0.851369		
-9.866508		
-7.201186		
6.67478		
-3.298373		
0.341449		
-6.120798		
-1.313472		
-9.856936		
3.123346		
-4.043757		
-1.475233		
-2.316269		
4.745925		
-1.25914		
5.571062		
6.638006		
-7.710195		
-3.9		
8.900409		
-6.243887		
-8.845146		
-9.899993		
-7.422541		
1.671792		
7.501788		
-9.127086		
-8.004353		
0.39674		
1.067854		
4.248149		
-4.196978		
0.442487		
0.883246		
7.800008		
-0.262687		
-6.445584		
2.937273		
-8.118461		
-3.193279		
-0.165507		
-9.510592		
2.875872		
